year	prov	sex	ageGrp	pop
2545 	53 	1 	0 	15252
2545 	53 	1 	5 	17596
2545 	53 	1 	10 	17164
2545 	53 	1 	15 	37239
2545 	53 	1 	25 	44537
2545 	53 	1 	35 	42497
2545 	53 	1 	45 	30368
2545 	53 	1 	55 	17695
2545 	53 	1 	65 	17983
2545 	53 	2 	0 	14232
2545 	53 	2 	5 	16531
2545 	53 	2 	10 	16244
2545 	53 	2 	15 	36098
2545 	53 	2 	25 	44263
2545 	53 	2 	35 	43310
2545 	53 	2 	45 	31587
2545 	53 	2 	55 	19241
2545 	53 	2 	65 	22686
2545 	63 	1 	0 	23092
2545 	63 	1 	5 	23608
2545 	63 	1 	10 	21104
2545 	63 	1 	15 	43741
2545 	63 	1 	25 	45116
2545 	63 	1 	35 	40324
2545 	63 	1 	45 	27405
2545 	63 	1 	55 	15857
2545 	63 	1 	65 	15167
2545 	63 	2 	0 	21540
2545 	63 	2 	5 	21895
2545 	63 	2 	10 	19781
2545 	63 	2 	15 	41412
2545 	63 	2 	25 	42648
2545 	63 	2 	35 	39124
2545 	63 	2 	45 	27066
2545 	63 	2 	55 	16391
2545 	63 	2 	65 	17860
2545 	64 	1 	0 	19416
2545 	64 	1 	5 	23135
2545 	64 	1 	10 	22178
2545 	64 	1 	15 	47993
2545 	64 	1 	25 	57696
2545 	64 	1 	35 	55388
2545 	64 	1 	45 	37007
2545 	64 	1 	55 	21562
2545 	64 	1 	65 	20758
2545 	64 	2 	0 	17912
2545 	64 	2 	5 	21581
2545 	64 	2 	10 	20915
2545 	64 	2 	15 	47098
2545 	64 	2 	25 	58197
2545 	64 	2 	35 	58234
2545 	64 	2 	45 	40566
2545 	64 	2 	55 	25486
2545 	64 	2 	65 	29460
2545 	65 	1 	0 	28173
2545 	65 	1 	5 	32843
2545 	65 	1 	10 	32489
2545 	65 	1 	15 	73542
2545 	65 	1 	25 	79282
2545 	65 	1 	35 	76290
2545 	65 	1 	45 	50139
2545 	65 	1 	55 	29488
2545 	65 	1 	65 	28516
2545 	65 	2 	0 	26517
2545 	65 	2 	5 	31326
2545 	65 	2 	10 	30352
2545 	65 	2 	15 	69697
2545 	65 	2 	25 	79180
2545 	65 	2 	35 	78023
2545 	65 	2 	45 	53289
2545 	65 	2 	55 	32707
2545 	65 	2 	65 	36773
2545 	67 	1 	0 	35532
2545 	67 	1 	5 	40291
2545 	67 	1 	10 	38942
2545 	67 	1 	15 	90612
2545 	67 	1 	25 	99655
2545 	67 	1 	35 	86575
2545 	67 	1 	45 	57923
2545 	67 	1 	55 	35401
2545 	67 	1 	65 	35535
2545 	67 	2 	0 	33440
2545 	67 	2 	5 	37914
2545 	67 	2 	10 	36538
2545 	67 	2 	15 	86517
2545 	67 	2 	25 	96429
2545 	67 	2 	35 	87444
2545 	67 	2 	45 	59474
2545 	67 	2 	55 	37404
2545 	67 	2 	65 	42936
2546 	53 	1 	0 	14507
2546 	53 	1 	5 	17448
2546 	53 	1 	10 	17236
2546 	53 	1 	15 	36106
2546 	53 	1 	25 	43625
2546 	53 	1 	35 	42677
2546 	53 	1 	45 	31559
2546 	53 	1 	55 	17895
2546 	53 	1 	65 	18486
2546 	53 	2 	0 	13541
2546 	53 	2 	5 	16469
2546 	53 	2 	10 	16299
2546 	53 	2 	15 	34888
2546 	53 	2 	25 	43377
2546 	53 	2 	35 	43494
2546 	53 	2 	45 	32908
2546 	53 	2 	55 	19473
2546 	53 	2 	65 	23324
2546 	63 	1 	0 	22738
2546 	63 	1 	5 	23576
2546 	63 	1 	10 	21591
2546 	63 	1 	15 	42916
2546 	63 	1 	25 	44207
2546 	63 	1 	35 	40519
2546 	63 	1 	45 	28066
2546 	63 	1 	55 	16076
2546 	63 	1 	65 	15458
2546 	63 	2 	0 	21278
2546 	63 	2 	5 	21969
2546 	63 	2 	10 	20131
2546 	63 	2 	15 	40650
2546 	63 	2 	25 	41911
2546 	63 	2 	35 	39485
2546 	63 	2 	45 	27823
2546 	63 	2 	55 	16510
2546 	63 	2 	65 	18138
2546 	64 	1 	0 	18305
2546 	64 	1 	5 	22882
2546 	64 	1 	10 	22509
2546 	64 	1 	15 	46353
2546 	64 	1 	25 	56641
2546 	64 	1 	35 	56193
2546 	64 	1 	45 	38556
2546 	64 	1 	55 	21792
2546 	64 	1 	65 	21390
2546 	64 	2 	0 	16801
2546 	64 	2 	5 	21292
2546 	64 	2 	10 	21301
2546 	64 	2 	15 	45327
2546 	64 	2 	25 	56989
2546 	64 	2 	35 	58855
2546 	64 	2 	45 	42223
2546 	64 	2 	55 	25669
2546 	64 	2 	65 	30318
2546 	65 	1 	0 	26603
2546 	65 	1 	5 	32890
2546 	65 	1 	10 	32436
2546 	65 	1 	15 	70966
2546 	65 	1 	25 	77916
2546 	65 	1 	35 	77245
2546 	65 	1 	45 	52353
2546 	65 	1 	55 	29758
2546 	65 	1 	65 	29448
2546 	65 	2 	0 	25276
2546 	65 	2 	5 	31108
2546 	65 	2 	10 	30314
2546 	65 	2 	15 	67570
2546 	65 	2 	25 	77500
2546 	65 	2 	35 	79472
2546 	65 	2 	45 	55649
2546 	65 	2 	55 	33191
2546 	65 	2 	65 	37825
2546 	67 	1 	0 	34436
2546 	67 	1 	5 	40317
2546 	67 	1 	10 	39876
2546 	67 	1 	15 	88279
2546 	67 	1 	25 	98983
2546 	67 	1 	35 	88469
2546 	67 	1 	45 	60793
2546 	67 	1 	55 	36406
2546 	67 	1 	65 	36589
2546 	67 	2 	0 	32369
2546 	67 	2 	5 	38055
2546 	67 	2 	10 	37280
2546 	67 	2 	15 	84232
2546 	67 	2 	25 	95693
2546 	67 	2 	35 	89568
2546 	67 	2 	45 	62634
2546 	67 	2 	55 	38404
2546 	67 	2 	65 	44154
2547 	53 	1 	0 	13915
2547 	53 	1 	5 	16931
2547 	53 	1 	10 	16894
2547 	53 	1 	15 	34680
2547 	53 	1 	25 	41979
2547 	53 	1 	35 	41990
2547 	53 	1 	45 	32309
2547 	53 	1 	55 	18054
2547 	53 	1 	65 	18579
2547 	53 	2 	0 	13075
2547 	53 	2 	5 	15987
2547 	53 	2 	10 	15970
2547 	53 	2 	15 	33485
2547 	53 	2 	25 	41738
2547 	53 	2 	35 	43111
2547 	53 	2 	45 	33887
2547 	53 	2 	55 	19634
2547 	53 	2 	65 	23574
2547 	63 	1 	0 	23132
2547 	63 	1 	5 	23635
2547 	63 	1 	10 	22358
2547 	63 	1 	15 	42746
2547 	63 	1 	25 	43892
2547 	63 	1 	35 	41035
2547 	63 	1 	45 	29192
2547 	63 	1 	55 	16535
2547 	63 	1 	65 	15513
2547 	63 	2 	0 	21613
2547 	63 	2 	5 	21842
2547 	63 	2 	10 	20558
2547 	63 	2 	15 	40271
2547 	63 	2 	25 	41368
2547 	63 	2 	35 	39930
2547 	63 	2 	45 	28769
2547 	63 	2 	55 	16812
2547 	63 	2 	65 	18095
2547 	64 	1 	0 	17694
2547 	64 	1 	5 	22153
2547 	64 	1 	10 	22407
2547 	64 	1 	15 	44526
2547 	64 	1 	25 	54985
2547 	64 	1 	35 	55741
2547 	64 	1 	45 	39751
2547 	64 	1 	55 	22067
2547 	64 	1 	65 	21634
2547 	64 	2 	0 	16263
2547 	64 	2 	5 	20578
2547 	64 	2 	10 	21241
2547 	64 	2 	15 	43590
2547 	64 	2 	25 	55264
2547 	64 	2 	35 	58383
2547 	64 	2 	45 	43647
2547 	64 	2 	55 	25869
2547 	64 	2 	65 	30743
2547 	65 	1 	0 	25529
2547 	65 	1 	5 	31409
2547 	65 	1 	10 	31862
2547 	65 	1 	15 	68591
2547 	65 	1 	25 	75346
2547 	65 	1 	35 	76271
2547 	65 	1 	45 	53948
2547 	65 	1 	55 	29893
2547 	65 	1 	65 	29760
2547 	65 	2 	0 	24293
2547 	65 	2 	5 	29693
2547 	65 	2 	10 	29976
2547 	65 	2 	15 	65081
2547 	65 	2 	25 	74819
2547 	65 	2 	35 	79161
2547 	65 	2 	45 	57144
2547 	65 	2 	55 	33426
2547 	65 	2 	65 	38238
2547 	67 	1 	0 	33096
2547 	67 	1 	5 	38602
2547 	67 	1 	10 	39251
2547 	67 	1 	15 	84266
2547 	67 	1 	25 	95714
2547 	67 	1 	35 	87544
2547 	67 	1 	45 	62295
2547 	67 	1 	55 	36056
2547 	67 	1 	65 	35903
2547 	67 	2 	0 	31139
2547 	67 	2 	5 	36778
2547 	67 	2 	10 	36795
2547 	67 	2 	15 	80639
2547 	67 	2 	25 	92803
2547 	67 	2 	35 	89077
2547 	67 	2 	45 	64635
2547 	67 	2 	55 	38454
2547 	67 	2 	65 	43686
2548 	53 	1 	0 	13571
2548 	53 	1 	5 	16302
2548 	53 	1 	10 	16602
2548 	53 	1 	15 	33380
2548 	53 	1 	25 	40531
2548 	53 	1 	35 	41207
2548 	53 	1 	45 	33050
2548 	53 	1 	55 	18568
2548 	53 	1 	65 	18667
2548 	53 	2 	0 	12798
2548 	53 	2 	5 	15407
2548 	53 	2 	10 	15572
2548 	53 	2 	15 	32366
2548 	53 	2 	25 	40344
2548 	53 	2 	35 	42520
2548 	53 	2 	45 	34817
2548 	53 	2 	55 	20117
2548 	53 	2 	65 	23847
2548 	63 	1 	0 	23934
2548 	63 	1 	5 	24097
2548 	63 	1 	10 	23367
2548 	63 	1 	15 	43469
2548 	63 	1 	25 	44436
2548 	63 	1 	35 	41836
2548 	63 	1 	45 	30654
2548 	63 	1 	55 	17322
2548 	63 	1 	65 	15664
2548 	63 	2 	0 	22424
2548 	63 	2 	5 	22030
2548 	63 	2 	10 	21336
2548 	63 	2 	15 	40594
2548 	63 	2 	25 	41573
2548 	63 	2 	35 	40532
2548 	63 	2 	45 	30075
2548 	63 	2 	55 	17453
2548 	63 	2 	65 	18241
2548 	64 	1 	0 	17559
2548 	64 	1 	5 	21182
2548 	64 	1 	10 	22186
2548 	64 	1 	15 	43160
2548 	64 	1 	25 	53346
2548 	64 	1 	35 	54840
2548 	64 	1 	45 	41045
2548 	64 	1 	55 	22675
2548 	64 	1 	65 	21906
2548 	64 	2 	0 	16142
2548 	64 	2 	5 	19657
2548 	64 	2 	10 	20981
2548 	64 	2 	15 	42311
2548 	64 	2 	25 	53469
2548 	64 	2 	35 	57618
2548 	64 	2 	45 	45054
2548 	64 	2 	55 	26558
2548 	64 	2 	65 	31182
2548 	65 	1 	0 	24892
2548 	65 	1 	5 	29554
2548 	65 	1 	10 	30967
2548 	65 	1 	15 	66564
2548 	65 	1 	25 	72813
2548 	65 	1 	35 	74752
2548 	65 	1 	45 	55424
2548 	65 	1 	55 	30533
2548 	65 	1 	65 	30171
2548 	65 	2 	0 	23577
2548 	65 	2 	5 	27953
2548 	65 	2 	10 	29465
2548 	65 	2 	15 	62685
2548 	65 	2 	25 	72453
2548 	65 	2 	35 	77982
2548 	65 	2 	45 	58578
2548 	65 	2 	55 	34157
2548 	65 	2 	65 	38728
2548 	67 	1 	0 	31733
2548 	67 	1 	5 	36493
2548 	67 	1 	10 	38022
2548 	67 	1 	15 	80159
2548 	67 	1 	25 	92482
2548 	67 	1 	35 	85610
2548 	67 	1 	45 	63207
2548 	67 	1 	55 	35982
2548 	67 	1 	65 	35116
2548 	67 	2 	0 	30056
2548 	67 	2 	5 	34875
2548 	67 	2 	10 	35778
2548 	67 	2 	15 	77042
2548 	67 	2 	25 	89714
2548 	67 	2 	35 	87432
2548 	67 	2 	45 	66147
2548 	67 	2 	55 	38788
2548 	67 	2 	65 	43184
2549 	53 	1 	0 	13395
2549 	53 	1 	5 	15643
2549 	53 	1 	10 	16644
2549 	53 	1 	15 	32734
2549 	53 	1 	25 	39567
2549 	53 	1 	35 	41020
2549 	53 	1 	45 	33928
2549 	53 	1 	55 	19416
2549 	53 	1 	65 	18919
2549 	53 	2 	0 	12564
2549 	53 	2 	5 	14768
2549 	53 	2 	10 	15530
2549 	53 	2 	15 	31598
2549 	53 	2 	25 	39266
2549 	53 	2 	35 	42324
2549 	53 	2 	45 	35769
2549 	53 	2 	55 	21051
2549 	53 	2 	65 	24299
2549 	63 	1 	0 	24034
2549 	63 	1 	5 	24036
2549 	63 	1 	10 	24029
2549 	63 	1 	15 	43583
2549 	63 	1 	25 	44297
2549 	63 	1 	35 	41958
2549 	63 	1 	45 	31635
2549 	63 	1 	55 	17950
2549 	63 	1 	65 	16072
2549 	63 	2 	0 	22572
2549 	63 	2 	5 	22116
2549 	63 	2 	10 	21945
2549 	63 	2 	15 	40599
2549 	63 	2 	25 	41448
2549 	63 	2 	35 	40700
2549 	63 	2 	45 	31109
2549 	63 	2 	55 	18096
2549 	63 	2 	65 	18759
2549 	64 	1 	0 	17521
2549 	64 	1 	5 	20132
2549 	64 	1 	10 	22232
2549 	64 	1 	15 	42433
2549 	64 	1 	25 	51912
2549 	64 	1 	35 	54562
2549 	64 	1 	45 	42377
2549 	64 	1 	55 	23718
2549 	64 	1 	65 	22415
2549 	64 	2 	0 	16007
2549 	64 	2 	5 	18639
2549 	64 	2 	10 	20860
2549 	64 	2 	15 	41557
2549 	64 	2 	25 	51744
2549 	64 	2 	35 	57496
2549 	64 	2 	45 	46366
2549 	64 	2 	55 	27779
2549 	64 	2 	65 	31841
2549 	65 	1 	0 	24899
2549 	65 	1 	5 	28124
2549 	65 	1 	10 	30731
2549 	65 	1 	15 	65647
2549 	65 	1 	25 	71478
2549 	65 	1 	35 	74422
2549 	65 	1 	45 	57435
2549 	65 	1 	55 	31901
2549 	65 	1 	65 	31032
2549 	65 	2 	0 	23409
2549 	65 	2 	5 	26607
2549 	65 	2 	10 	29407
2549 	65 	2 	15 	62575
2549 	65 	2 	25 	71013
2549 	65 	2 	35 	77929
2549 	65 	2 	45 	60665
2549 	65 	2 	55 	35618
2549 	65 	2 	65 	39847
2549 	67 	1 	0 	31464
2549 	67 	1 	5 	35215
2549 	67 	1 	10 	37830
2549 	67 	1 	15 	78630
2549 	67 	1 	25 	91375
2549 	67 	1 	35 	86088
2549 	67 	1 	45 	65339
2549 	67 	1 	55 	37362
2549 	67 	1 	65 	35797
2549 	67 	2 	0 	29795
2549 	67 	2 	5 	33479
2549 	67 	2 	10 	35754
2549 	67 	2 	15 	75242
2549 	67 	2 	25 	88096
2549 	67 	2 	35 	87777
2549 	67 	2 	45 	68545
2549 	67 	2 	55 	40322
2549 	67 	2 	65 	44278
2550 	53 	1 	0 	13273
2550 	53 	1 	5 	14825
2550 	53 	1 	10 	16658
2550 	53 	1 	15 	32380
2550 	53 	1 	25 	38552
2550 	53 	1 	35 	40736
2550 	53 	1 	45 	34691
2550 	53 	1 	55 	20003
2550 	53 	1 	65 	19121
2550 	53 	2 	0 	12393
2550 	53 	2 	5 	13930
2550 	53 	2 	10 	15587
2550 	53 	2 	15 	31022
2550 	53 	2 	25 	38017
2550 	53 	2 	35 	42157
2550 	53 	2 	45 	36502
2550 	53 	2 	55 	21847
2550 	53 	2 	65 	24686
2550 	63 	1 	0 	24136
2550 	63 	1 	5 	23947
2550 	63 	1 	10 	24507
2550 	63 	1 	15 	43772
2550 	63 	1 	25 	44279
2550 	63 	1 	35 	42037
2550 	63 	1 	45 	32647
2550 	63 	1 	55 	18401
2550 	63 	1 	65 	16065
2550 	63 	2 	0 	22580
2550 	63 	2 	5 	22226
2550 	63 	2 	10 	22374
2550 	63 	2 	15 	40582
2550 	63 	2 	25 	41364
2550 	63 	2 	35 	40817
2550 	63 	2 	45 	32097
2550 	63 	2 	55 	18636
2550 	63 	2 	65 	18836
2550 	64 	1 	0 	17559
2550 	64 	1 	5 	18975
2550 	64 	1 	10 	22211
2550 	64 	1 	15 	42004
2550 	64 	1 	25 	50712
2550 	64 	1 	35 	53991
2550 	64 	1 	45 	43771
2550 	64 	1 	55 	24460
2550 	64 	1 	65 	22460
2550 	64 	2 	0 	16069
2550 	64 	2 	5 	17511
2550 	64 	2 	10 	20709
2550 	64 	2 	15 	40982
2550 	64 	2 	25 	50364
2550 	64 	2 	35 	56951
2550 	64 	2 	45 	47750
2550 	64 	2 	55 	28566
2550 	64 	2 	65 	32016
2550 	65 	1 	0 	25043
2550 	65 	1 	5 	26565
2550 	65 	1 	10 	30857
2550 	65 	1 	15 	65371
2550 	65 	1 	25 	70701
2550 	65 	1 	35 	73701
2550 	65 	1 	45 	59413
2550 	65 	1 	55 	32735
2550 	65 	1 	65 	30786
2550 	65 	2 	0 	23395
2550 	65 	2 	5 	25248
2550 	65 	2 	10 	29448
2550 	65 	2 	15 	63300
2550 	65 	2 	25 	69965
2550 	65 	2 	35 	77568
2550 	65 	2 	45 	62674
2550 	65 	2 	55 	36471
2550 	65 	2 	65 	39855
2550 	67 	1 	0 	31557
2550 	67 	1 	5 	33641
2550 	67 	1 	10 	37744
2550 	67 	1 	15 	77572
2550 	67 	1 	25 	90279
2550 	67 	1 	35 	86201
2550 	67 	1 	45 	67416
2550 	67 	1 	55 	38191
2550 	67 	1 	65 	35414
2550 	67 	2 	0 	29785
2550 	67 	2 	5 	31891
2550 	67 	2 	10 	35845
2550 	67 	2 	15 	73662
2550 	67 	2 	25 	86547
2550 	67 	2 	35 	88007
2550 	67 	2 	45 	70695
2550 	67 	2 	55 	41335
2550 	67 	2 	65 	44142
2551 	53 	1 	0 	13083
2551 	53 	1 	5 	14196
2551 	53 	1 	10 	16640
2551 	53 	1 	15 	32127
2551 	53 	1 	25 	37519
2551 	53 	1 	35 	40441
2551 	53 	1 	45 	35206
2551 	53 	1 	55 	20877
2551 	53 	1 	65 	19334
2551 	53 	2 	0 	12231
2551 	53 	2 	5 	13254
2551 	53 	2 	10 	15550
2551 	53 	2 	15 	30651
2551 	53 	2 	25 	36837
2551 	53 	2 	35 	41777
2551 	53 	2 	45 	37267
2551 	53 	2 	55 	22740
2551 	53 	2 	65 	25011
2551 	63 	1 	0 	24131
2551 	63 	1 	5 	24224
2551 	63 	1 	10 	24807
2551 	63 	1 	15 	44432
2551 	63 	1 	25 	44369
2551 	63 	1 	35 	42124
2551 	63 	1 	45 	33420
2551 	63 	1 	55 	19101
2551 	63 	1 	65 	15994
2551 	63 	2 	0 	22401
2551 	63 	2 	5 	22512
2551 	63 	2 	10 	22797
2551 	63 	2 	15 	40976
2551 	63 	2 	25 	41358
2551 	63 	2 	35 	40896
2551 	63 	2 	45 	32855
2551 	63 	2 	55 	19403
2551 	63 	2 	65 	18829
2551 	64 	1 	0 	17516
2551 	64 	1 	5 	18017
2551 	64 	1 	10 	22005
2551 	64 	1 	15 	41622
2551 	64 	1 	25 	49751
2551 	64 	1 	35 	53294
2551 	64 	1 	45 	44959
2551 	64 	1 	55 	25421
2551 	64 	1 	65 	22402
2551 	64 	2 	0 	16090
2551 	64 	2 	5 	16553
2551 	64 	2 	10 	20484
2551 	64 	2 	15 	40350
2551 	64 	2 	25 	49185
2551 	64 	2 	35 	56256
2551 	64 	2 	45 	48936
2551 	64 	2 	55 	29661
2551 	64 	2 	65 	32057
2551 	65 	1 	0 	25054
2551 	65 	1 	5 	25440
2551 	65 	1 	10 	30903
2551 	65 	1 	15 	65463
2551 	65 	1 	25 	70224
2551 	65 	1 	35 	72733
2551 	65 	1 	45 	60887
2551 	65 	1 	55 	33854
2551 	65 	1 	65 	30151
2551 	65 	2 	0 	23426
2551 	65 	2 	5 	24348
2551 	65 	2 	10 	29250
2551 	65 	2 	15 	63736
2551 	65 	2 	25 	69182
2551 	65 	2 	35 	76749
2551 	65 	2 	45 	64237
2551 	65 	2 	55 	37737
2551 	65 	2 	65 	39466
2551 	67 	1 	0 	31518
2551 	67 	1 	5 	32437
2551 	67 	1 	10 	37545
2551 	67 	1 	15 	76286
2551 	67 	1 	25 	89275
2551 	67 	1 	35 	86048
2551 	67 	1 	45 	69104
2551 	67 	1 	55 	39290
2551 	67 	1 	65 	34910
2551 	67 	2 	0 	29684
2551 	67 	2 	5 	30666
2551 	67 	2 	10 	35753
2551 	67 	2 	15 	72212
2551 	67 	2 	25 	85381
2551 	67 	2 	35 	87843
2551 	67 	2 	45 	72482
2551 	67 	2 	55 	42542
2551 	67 	2 	65 	43906
2552 	53 	1 	0 	12833
2552 	53 	1 	5 	13830
2552 	53 	1 	10 	16452
2552 	53 	1 	15 	31873
2552 	53 	1 	25 	36379
2552 	53 	1 	35 	40041
2552 	53 	1 	45 	35825
2552 	53 	1 	55 	21930
2552 	53 	1 	65 	19650
2552 	53 	2 	0 	11844
2552 	53 	2 	5 	12898
2552 	53 	2 	10 	15391
2552 	53 	2 	15 	30186
2552 	53 	2 	25 	35729
2552 	53 	2 	35 	41230
2552 	53 	2 	45 	38243
2552 	53 	2 	55 	23908
2552 	53 	2 	65 	25337
2552 	63 	1 	0 	23378
2552 	63 	1 	5 	23892
2552 	63 	1 	10 	24345
2552 	63 	1 	15 	44237
2552 	63 	1 	25 	43177
2552 	63 	1 	35 	41009
2552 	63 	1 	45 	33468
2552 	63 	1 	55 	19506
2552 	63 	1 	65 	16038
2552 	63 	2 	0 	21661
2552 	63 	2 	5 	22394
2552 	63 	2 	10 	22483
2552 	63 	2 	15 	40901
2552 	63 	2 	25 	40368
2552 	63 	2 	35 	40036
2552 	63 	2 	45 	33198
2552 	63 	2 	55 	19989
2552 	63 	2 	65 	18917
2552 	64 	1 	0 	17370
2552 	64 	1 	5 	17558
2552 	64 	1 	10 	21534
2552 	64 	1 	15 	41243
2552 	64 	1 	25 	48570
2552 	64 	1 	35 	52536
2552 	64 	1 	45 	46339
2552 	64 	1 	55 	26645
2552 	64 	1 	65 	22672
2552 	64 	2 	0 	15928
2552 	64 	2 	5 	16123
2552 	64 	2 	10 	19978
2552 	64 	2 	15 	39714
2552 	64 	2 	25 	47792
2552 	64 	2 	35 	55170
2552 	64 	2 	45 	50477
2552 	64 	2 	55 	31187
2552 	64 	2 	65 	32480
2552 	65 	1 	0 	24843
2552 	65 	1 	5 	24976
2552 	65 	1 	10 	30262
2552 	65 	1 	15 	65651
2552 	65 	1 	25 	69295
2552 	65 	1 	35 	71660
2552 	65 	1 	45 	62521
2552 	65 	1 	55 	35653
2552 	65 	1 	65 	30489
2552 	65 	2 	0 	23311
2552 	65 	2 	5 	23888
2552 	65 	2 	10 	28608
2552 	65 	2 	15 	64004
2552 	65 	2 	25 	67962
2552 	65 	2 	35 	75339
2552 	65 	2 	45 	66429
2552 	65 	2 	55 	39880
2552 	65 	2 	65 	40008
2552 	67 	1 	0 	31165
2552 	67 	1 	5 	31828
2552 	67 	1 	10 	36867
2552 	67 	1 	15 	75152
2552 	67 	1 	25 	87753
2552 	67 	1 	35 	85630
2552 	67 	1 	45 	70784
2552 	67 	1 	55 	41034
2552 	67 	1 	65 	35404
2552 	67 	2 	0 	29275
2552 	67 	2 	5 	30064
2552 	67 	2 	10 	35221
2552 	67 	2 	15 	70758
2552 	67 	2 	25 	84005
2552 	67 	2 	35 	86951
2552 	67 	2 	45 	74651
2552 	67 	2 	55 	44468
2552 	67 	2 	65 	44669
2553 	53 	1 	0 	12507
2553 	53 	1 	5 	13582
2553 	53 	1 	10 	16089
2553 	53 	1 	15 	31721
2553 	53 	1 	25 	35326
2553 	53 	1 	35 	39494
2553 	53 	1 	45 	36455
2553 	53 	1 	55 	23085
2553 	53 	1 	65 	20043
2553 	53 	2 	0 	11435
2553 	53 	2 	5 	12673
2553 	53 	2 	10 	15108
2553 	53 	2 	15 	29938
2553 	53 	2 	25 	34548
2553 	53 	2 	35 	40622
2553 	53 	2 	45 	39084
2553 	53 	2 	55 	25288
2553 	53 	2 	65 	25787
2553 	63 	1 	0 	22714
2553 	63 	1 	5 	23282
2553 	63 	1 	10 	23741
2553 	63 	1 	15 	43940
2553 	63 	1 	25 	41786
2553 	63 	1 	35 	39838
2553 	63 	1 	45 	33601
2553 	63 	1 	55 	20008
2553 	63 	1 	65 	16148
2553 	63 	2 	0 	21041
2553 	63 	2 	5 	22132
2553 	63 	2 	10 	21995
2553 	63 	2 	15 	40672
2553 	63 	2 	25 	39312
2553 	63 	2 	35 	39023
2553 	63 	2 	45 	33717
2553 	63 	2 	55 	20670
2553 	63 	2 	65 	19053
2553 	64 	1 	0 	17139
2553 	64 	1 	5 	17473
2553 	64 	1 	10 	20797
2553 	64 	1 	15 	41073
2553 	64 	1 	25 	47272
2553 	64 	1 	35 	51750
2553 	64 	1 	45 	47610
2553 	64 	1 	55 	28059
2553 	64 	1 	65 	22930
2553 	64 	2 	0 	15771
2553 	64 	2 	5 	16013
2553 	64 	2 	10 	19214
2553 	64 	2 	15 	39212
2553 	64 	2 	25 	46384
2553 	64 	2 	35 	53825
2553 	64 	2 	45 	52038
2553 	64 	2 	55 	32972
2553 	64 	2 	65 	32764
2553 	65 	1 	0 	24400
2553 	65 	1 	5 	24978
2553 	65 	1 	10 	29254
2553 	65 	1 	15 	65759
2553 	65 	1 	25 	68267
2553 	65 	1 	35 	70619
2553 	65 	1 	45 	64291
2553 	65 	1 	55 	37793
2553 	65 	1 	65 	31082
2553 	65 	2 	0 	23063
2553 	65 	2 	5 	23628
2553 	65 	2 	10 	27669
2553 	65 	2 	15 	64364
2553 	65 	2 	25 	66641
2553 	65 	2 	35 	73851
2553 	65 	2 	45 	68779
2553 	65 	2 	55 	42366
2553 	65 	2 	65 	40823
2553 	67 	1 	0 	30686
2553 	67 	1 	5 	31373
2553 	67 	1 	10 	35955
2553 	67 	1 	15 	74494
2553 	67 	1 	25 	85958
2553 	67 	1 	35 	85151
2553 	67 	1 	45 	72430
2553 	67 	1 	55 	43200
2553 	67 	1 	65 	36210
2553 	67 	2 	0 	28732
2553 	67 	2 	5 	29723
2553 	67 	2 	10 	34278
2553 	67 	2 	15 	69675
2553 	67 	2 	25 	82367
2553 	67 	2 	35 	85914
2553 	67 	2 	45 	76740
2553 	67 	2 	55 	47073
2553 	67 	2 	65 	45619
2554 	53 	1 	0 	12109
2554 	53 	1 	5 	13462
2554 	53 	1 	10 	15470
2554 	53 	1 	15 	31740
2554 	53 	1 	25 	34351
2554 	53 	1 	35 	38966
2554 	53 	1 	45 	36720
2554 	53 	1 	55 	24458
2554 	53 	1 	65 	20470
2554 	53 	2 	0 	11200
2554 	53 	2 	5 	12475
2554 	53 	2 	10 	14539
2554 	53 	2 	15 	29858
2554 	53 	2 	25 	33357
2554 	53 	2 	35 	39913
2554 	53 	2 	45 	39560
2554 	53 	2 	55 	26833
2554 	53 	2 	65 	26348
2554 	63 	1 	0 	22712
2554 	63 	1 	5 	23167
2554 	63 	1 	10 	23613
2554 	63 	1 	15 	44743
2554 	63 	1 	25 	41797
2554 	63 	1 	35 	39790
2554 	63 	1 	45 	34210
2554 	63 	1 	55 	21259
2554 	63 	1 	65 	16676
2554 	63 	2 	0 	20972
2554 	63 	2 	5 	22131
2554 	63 	2 	10 	21907
2554 	63 	2 	15 	41164
2554 	63 	2 	25 	39234
2554 	63 	2 	35 	38799
2554 	63 	2 	45 	34557
2554 	63 	2 	55 	21931
2554 	63 	2 	65 	19689
2554 	64 	1 	0 	16881
2554 	64 	1 	5 	17520
2554 	64 	1 	10 	19817
2554 	64 	1 	15 	40973
2554 	64 	1 	25 	46006
2554 	64 	1 	35 	51163
2554 	64 	1 	45 	48189
2554 	64 	1 	55 	29898
2554 	64 	1 	65 	23330
2554 	64 	2 	0 	15650
2554 	64 	2 	5 	15931
2554 	64 	2 	10 	18283
2554 	64 	2 	15 	38996
2554 	64 	2 	25 	45013
2554 	64 	2 	35 	52846
2554 	64 	2 	45 	52871
2554 	64 	2 	55 	34970
2554 	64 	2 	65 	33305
2554 	65 	1 	0 	24027
2554 	65 	1 	5 	25115
2554 	65 	1 	10 	28032
2554 	65 	1 	15 	66258
2554 	65 	1 	25 	67047
2554 	65 	1 	35 	69796
2554 	65 	1 	45 	65519
2554 	65 	1 	55 	40143
2554 	65 	1 	65 	31874
2554 	65 	2 	0 	22862
2554 	65 	2 	5 	23576
2554 	65 	2 	10 	26516
2554 	65 	2 	15 	64545
2554 	65 	2 	25 	65318
2554 	65 	2 	35 	72708
2554 	65 	2 	45 	70243
2554 	65 	2 	55 	45068
2554 	65 	2 	65 	41878
2554 	67 	1 	0 	30310
2554 	67 	1 	5 	31181
2554 	67 	1 	10 	34744
2554 	67 	1 	15 	73901
2554 	67 	1 	25 	83565
2554 	67 	1 	35 	84591
2554 	67 	1 	45 	73248
2554 	67 	1 	55 	45667
2554 	67 	1 	65 	37079
2554 	67 	2 	0 	28315
2554 	67 	2 	5 	29550
2554 	67 	2 	10 	32934
2554 	67 	2 	15 	68815
2554 	67 	2 	25 	80055
2554 	67 	2 	35 	85030
2554 	67 	2 	45 	77673
2554 	67 	2 	55 	49969
2554 	67 	2 	65 	46793
2555 	53 	1 	0 	11816
2555 	53 	1 	5 	13425
2555 	53 	1 	10 	14661
2555 	53 	1 	15 	31867
2555 	53 	1 	25 	33318
2555 	53 	1 	35 	38518
2555 	53 	1 	45 	36956
2555 	53 	1 	55 	25727
2555 	53 	1 	65 	21006
2555 	53 	2 	0 	11002
2555 	53 	2 	5 	12412
2555 	53 	2 	10 	13759
2555 	53 	2 	15 	29891
2555 	53 	2 	25 	32287
2555 	53 	2 	35 	39272
2555 	53 	2 	45 	39893
2555 	53 	2 	55 	28288
2555 	53 	2 	65 	27069
2555 	63 	1 	0 	22326
2555 	63 	1 	5 	22812
2555 	63 	1 	10 	23055
2555 	63 	1 	15 	45026
2555 	63 	1 	25 	41353
2555 	63 	1 	35 	39390
2555 	63 	1 	45 	34289
2555 	63 	1 	55 	22071
2555 	63 	1 	65 	17109
2555 	63 	2 	0 	20748
2555 	63 	2 	5 	21802
2555 	63 	2 	10 	21629
2555 	63 	2 	15 	41362
2555 	63 	2 	25 	38846
2555 	63 	2 	35 	38376
2555 	63 	2 	45 	35097
2555 	63 	2 	55 	22967
2555 	63 	2 	65 	20273
2555 	64 	1 	0 	16644
2555 	64 	1 	5 	17653
2555 	64 	1 	10 	18725
2555 	64 	1 	15 	41070
2555 	64 	1 	25 	44640
2555 	64 	1 	35 	50785
2555 	64 	1 	45 	48656
2555 	64 	1 	55 	31685
2555 	64 	1 	65 	23949
2555 	64 	2 	0 	15509
2555 	64 	2 	5 	16037
2555 	64 	2 	10 	17226
2555 	64 	2 	15 	39241
2555 	64 	2 	25 	43589
2555 	64 	2 	35 	52161
2555 	64 	2 	45 	53471
2555 	64 	2 	55 	36759
2555 	64 	2 	65 	34253
2555 	65 	1 	0 	23838
2555 	65 	1 	5 	25265
2555 	65 	1 	10 	26590
2555 	65 	1 	15 	66782
2555 	65 	1 	25 	65676
2555 	65 	1 	35 	69058
2555 	65 	1 	45 	66578
2555 	65 	1 	55 	42258
2555 	65 	1 	65 	33032
2555 	65 	2 	0 	22708
2555 	65 	2 	5 	23668
2555 	65 	2 	10 	25280
2555 	65 	2 	15 	64208
2555 	65 	2 	25 	64025
2555 	65 	2 	35 	71583
2555 	65 	2 	45 	71529
2555 	65 	2 	55 	47545
2555 	65 	2 	65 	43241
2555 	67 	1 	0 	29997
2555 	67 	1 	5 	31370
2555 	67 	1 	10 	33208
2555 	67 	1 	15 	73723
2555 	67 	1 	25 	80820
2555 	67 	1 	35 	84279
2555 	67 	1 	45 	73959
2555 	67 	1 	55 	47807
2555 	67 	1 	65 	38327
2555 	67 	2 	0 	28101
2555 	67 	2 	5 	29576
2555 	67 	2 	10 	31418
2555 	67 	2 	15 	68501
2555 	67 	2 	25 	77458
2555 	67 	2 	35 	84310
2555 	67 	2 	45 	78572
2555 	67 	2 	55 	52407
2555 	67 	2 	65 	48422
2556 	53 	1 	0 	11663
2556 	53 	1 	5 	13211
2556 	53 	1 	10 	14059
2556 	53 	1 	15 	31925
2556 	53 	1 	25 	32436
2556 	53 	1 	35 	38014
2556 	53 	1 	45 	37190
2556 	53 	1 	55 	26548
2556 	53 	1 	65 	22043
2556 	53 	2 	0 	10783
2556 	53 	2 	5 	12316
2556 	53 	2 	10 	13130
2556 	53 	2 	15 	30010
2556 	53 	2 	25 	31398
2556 	53 	2 	35 	38596
2556 	53 	2 	45 	40230
2556 	53 	2 	55 	29270
2556 	53 	2 	65 	28322
2556 	63 	1 	0 	21934
2556 	63 	1 	5 	22487
2556 	63 	1 	10 	22598
2556 	63 	1 	15 	44995
2556 	63 	1 	25 	40832
2556 	63 	1 	35 	38961
2556 	63 	1 	45 	34597
2556 	63 	1 	55 	22626
2556 	63 	1 	65 	18087
2556 	63 	2 	0 	20559
2556 	63 	2 	5 	21373
2556 	63 	2 	10 	21430
2556 	63 	2 	15 	41368
2556 	63 	2 	25 	38439
2556 	63 	2 	35 	37969
2556 	63 	2 	45 	35718
2556 	63 	2 	55 	23811
2556 	63 	2 	65 	21415
2556 	64 	1 	0 	16352
2556 	64 	1 	5 	17644
2556 	64 	1 	10 	17838
2556 	64 	1 	15 	41322
2556 	64 	1 	25 	43354
2556 	64 	1 	35 	50182
2556 	64 	1 	45 	49340
2556 	64 	1 	55 	32457
2556 	64 	1 	65 	25473
2556 	64 	2 	0 	15322
2556 	64 	2 	5 	16114
2556 	64 	2 	10 	16337
2556 	64 	2 	15 	39451
2556 	64 	2 	25 	42238
2556 	64 	2 	35 	51383
2556 	64 	2 	45 	54034
2556 	64 	2 	55 	37550
2556 	64 	2 	65 	36266
2556 	65 	1 	0 	23736
2556 	65 	1 	5 	25266
2556 	65 	1 	10 	25471
2556 	65 	1 	15 	66839
2556 	65 	1 	25 	64463
2556 	65 	1 	35 	68232
2556 	65 	1 	45 	67308
2556 	65 	1 	55 	43914
2556 	65 	1 	65 	35043
2556 	65 	2 	0 	22438
2556 	65 	2 	5 	23668
2556 	65 	2 	10 	24412
2556 	65 	2 	15 	49014
2556 	65 	2 	25 	41709
2556 	65 	2 	35 	38786
2556 	65 	2 	45 	37037
2556 	65 	2 	55 	41133
2556 	65 	2 	65 	156905
2556 	67 	1 	0 	29558
2556 	67 	1 	5 	31385
2556 	67 	1 	10 	32008
2556 	67 	1 	15 	73822
2556 	67 	1 	25 	78625
2556 	67 	1 	35 	83710
2556 	67 	1 	45 	74863
2556 	67 	1 	55 	49275
2556 	67 	1 	65 	40709
2556 	67 	2 	0 	27809
2556 	67 	2 	5 	29476
2556 	67 	2 	10 	30288
2556 	67 	2 	15 	68653
2556 	67 	2 	25 	75265
2556 	67 	2 	35 	83392
2556 	67 	2 	45 	79539
2556 	67 	2 	55 	54201
2556 	67 	2 	65 	51472
2557 	53 	1 	0 	11504
2557 	53 	1 	5 	12968
2557 	53 	1 	10 	13731
2557 	53 	1 	15 	31666
2557 	53 	1 	25 	31708
2557 	53 	1 	35 	37320
2557 	53 	1 	45 	37123
2557 	53 	1 	55 	27322
2557 	53 	1 	65 	23232
2557 	53 	2 	0 	10684
2557 	53 	2 	5 	12042
2557 	53 	2 	10 	12844
2557 	53 	2 	15 	29957
2557 	53 	2 	25 	30695
2557 	53 	2 	35 	37731
2557 	53 	2 	45 	40384
2557 	53 	2 	55 	30130
2557 	53 	2 	65 	29657
2557 	63 	1 	0 	21717
2557 	63 	1 	5 	22290
2557 	63 	1 	10 	22587
2557 	63 	1 	15 	45075
2557 	63 	1 	25 	40673
2557 	63 	1 	35 	39063
2557 	63 	1 	45 	35434
2557 	63 	1 	55 	24270
2557 	63 	1 	65 	19394
2557 	63 	2 	0 	20475
2557 	63 	2 	5 	21081
2557 	63 	2 	10 	21560
2557 	63 	2 	15 	41395
2557 	63 	2 	25 	38398
2557 	63 	2 	35 	37976
2557 	63 	2 	45 	36522
2557 	63 	2 	55 	25348
2557 	63 	2 	65 	22695
2557 	64 	1 	0 	16098
2557 	64 	1 	5 	17531
2557 	64 	1 	10 	17553
2557 	64 	1 	15 	40997
2557 	64 	1 	25 	42344
2557 	64 	1 	35 	49365
2557 	64 	1 	45 	49330
2557 	64 	1 	55 	33209
2557 	64 	1 	65 	27433
2557 	64 	2 	0 	15143
2557 	64 	2 	5 	16104
2557 	64 	2 	10 	16094
2557 	64 	2 	15 	39096
2557 	64 	2 	25 	41042
2557 	64 	2 	35 	50420
2557 	64 	2 	45 	54007
2557 	64 	2 	55 	38227
2557 	64 	2 	65 	38593
2557 	65 	1 	0 	23736
2557 	65 	1 	5 	25239
2557 	65 	1 	10 	25200
2557 	65 	1 	15 	66113
2557 	65 	1 	25 	63189
2557 	65 	1 	35 	67308
2557 	65 	1 	45 	67289
2557 	65 	1 	55 	45729
2557 	65 	1 	65 	37342
2557 	65 	2 	0 	22317
2557 	65 	2 	5 	23600
2557 	65 	2 	10 	24109
2557 	65 	2 	15 	63367
2557 	65 	2 	25 	61386
2557 	65 	2 	35 	69061
2557 	65 	2 	45 	73039
2557 	65 	2 	55 	51299
2557 	65 	2 	65 	48359
2557 	67 	1 	0 	29201
2557 	67 	1 	5 	31161
2557 	67 	1 	10 	31584
2557 	67 	1 	15 	73449
2557 	67 	1 	25 	76389
2557 	67 	1 	35 	82693
2557 	67 	1 	45 	75187
2557 	67 	1 	55 	51072
2557 	67 	1 	65 	43315
2557 	67 	2 	0 	27530
2557 	67 	2 	5 	29192
2557 	67 	2 	10 	29804
2557 	67 	2 	15 	68379
2557 	67 	2 	25 	73241
2557 	67 	2 	35 	82240
2557 	67 	2 	45 	79835
2557 	67 	2 	55 	56203
2557 	67 	2 	65 	54627
2558 	53 	1 	0 	11176
2558 	53 	1 	5 	12671
2558 	53 	1 	10 	13506
2558 	53 	1 	15 	31350
2558 	53 	1 	25 	31114
2558 	53 	1 	35 	36704
2558 	53 	1 	45 	37042
2558 	53 	1 	55 	28291
2558 	53 	1 	65 	24174
2558 	53 	2 	0 	10443
2558 	53 	2 	5 	11718
2558 	53 	2 	10 	12660
2558 	53 	2 	15 	29591
2558 	53 	2 	25 	30135
2558 	53 	2 	35 	37068
2558 	53 	2 	45 	40330
2558 	53 	2 	55 	31276
2558 	53 	2 	65 	30835
2558 	63 	1 	0 	22940
2558 	63 	1 	5 	23752
2558 	63 	1 	10 	24179
2558 	63 	1 	15 	48273
2558 	63 	1 	25 	43418
2558 	63 	1 	35 	42004
2558 	63 	1 	45 	38573
2558 	63 	1 	55 	27926
2558 	63 	1 	65 	21656
2558 	63 	2 	0 	21548
2558 	63 	2 	5 	22349
2558 	63 	2 	10 	23184
2558 	63 	2 	15 	44302
2558 	63 	2 	25 	40922
2558 	63 	2 	35 	40643
2558 	63 	2 	45 	39460
2558 	63 	2 	55 	28893
2558 	63 	2 	65 	24946
2558 	64 	1 	0 	15626
2558 	64 	1 	5 	17258
2558 	64 	1 	10 	17459
2558 	64 	1 	15 	40268
2558 	64 	1 	25 	41652
2558 	64 	1 	35 	48713
2558 	64 	1 	45 	49148
2558 	64 	1 	55 	34558
2558 	64 	1 	65 	28789
2558 	64 	2 	0 	14763
2558 	64 	2 	5 	15923
2558 	64 	2 	10 	16017
2558 	64 	2 	15 	38335
2558 	64 	2 	25 	40198
2558 	64 	2 	35 	49500
2558 	64 	2 	45 	53965
2558 	64 	2 	55 	39644
2558 	64 	2 	65 	40269
2558 	65 	1 	0 	23401
2558 	65 	1 	5 	24791
2558 	65 	1 	10 	25256
2558 	65 	1 	15 	65367
2558 	65 	1 	25 	62482
2558 	65 	1 	35 	66829
2558 	65 	1 	45 	67427
2558 	65 	1 	55 	47623
2558 	65 	1 	65 	39154
2558 	65 	2 	0 	22088
2558 	65 	2 	5 	23332
2558 	65 	2 	10 	23917
2558 	65 	2 	15 	63253
2558 	65 	2 	25 	60413
2558 	65 	2 	35 	68428
2558 	65 	2 	45 	73361
2558 	65 	2 	55 	53410
2558 	65 	2 	65 	50662
2558 	67 	1 	0 	28684
2558 	67 	1 	5 	30686
2558 	67 	1 	10 	31209
2558 	67 	1 	15 	72808
2558 	67 	1 	25 	74674
2558 	67 	1 	35 	82495
2558 	67 	1 	45 	75607
2558 	67 	1 	55 	53084
2558 	67 	1 	65 	45166
2558 	67 	2 	0 	27072
2558 	67 	2 	5 	28647
2558 	67 	2 	10 	29514
2558 	67 	2 	15 	67564
2558 	67 	2 	25 	71695
2558 	67 	2 	35 	81625
2558 	67 	2 	45 	80352
2558 	67 	2 	55 	58552
2558 	67 	2 	65 	56963
